distances:
0.000000 43.350594 47.430026 47.814391 43.003744 35.099886 39.488602 40.595178 42.726385 42.222303 43.188788 36.454225 41.338333 41.122318 40.461451 38.270125 
43.350594 0.000000 5.882329 5.421476 3.348194 10.966859 8.258045 7.312216 0.720278 11.708224 7.931066 25.720857 5.294998 5.070799 5.300509 6.691226 
47.430026 5.882329 0.000000 1.291898 4.487427 16.755900 14.103960 13.090611 6.066844 17.130619 13.197348 31.553600 11.074764 10.892952 11.171571 12.513804 
47.814391 5.421476 1.291898 0.000000 4.830114 16.388252 13.468367 12.396116 5.749435 16.233832 12.285154 30.856949 10.402125 10.257144 10.598349 12.112180 
43.003744 3.348194 4.487427 4.830114 0.000000 12.883509 11.007039 10.240396 2.961419 14.874855 11.203258 28.330572 8.290006 7.996562 8.047670 8.833623 
35.099886 10.966859 16.755900 16.388252 12.883509 0.000000 4.401011 5.568528 10.692596 7.882645 8.089264 15.963161 6.779985 6.704103 6.138224 4.281180 
39.488602 8.258045 14.103960 13.468367 11.007039 4.401011 0.000000 1.259365 8.250097 4.797604 3.711024 17.462829 3.077613 3.214607 2.980419 2.970152 
40.595178 7.312216 13.090611 12.396116 10.240396 5.568528 1.259365 0.000000 7.385046 4.896550 2.750654 18.468839 2.020619 2.256214 2.252044 3.170016 
42.726385 0.720278 6.066844 5.749435 2.961419 10.692596 8.250097 7.385046 0.000000 11.931458 8.242245 25.690389 5.394312 5.128840 5.270009 6.447891 
42.222303 11.708224 17.130619 16.233832 14.874855 7.882645 4.797604 4.896550 11.931458 0.000000 3.950456 15.208504 6.631629 6.967704 7.119220 7.758608 
43.188788 7.931066 13.197348 12.285154 11.203258 8.089264 3.711024 2.750654 8.242245 3.950456 0.000000 18.956152 3.408284 3.796103 4.229657 5.820249 
36.454225 25.720857 31.553600 30.856949 28.330572 15.963161 17.462829 18.468839 25.690389 15.208504 18.956152 0.000000 20.479934 20.663942 20.430108 19.538910 
41.338333 5.294998 11.074764 10.402125 8.290006 6.779985 3.077613 2.020619 5.394312 6.631629 3.408284 20.479934 0.000000 0.388330 0.960833 3.088122 
41.122318 5.070799 10.892952 10.257144 7.996562 6.704103 3.214607 2.256214 5.128840 6.967704 3.796103 20.663942 0.388330 0.000000 0.664831 2.852455 
40.461451 5.300509 11.171571 10.598349 8.047670 6.138224 2.980419 2.252044 5.270009 7.119220 4.229657 20.430108 0.960833 0.664831 0.000000 2.191552 
38.270125 6.691226 12.513804 12.112180 8.833623 4.281180 2.970152 3.170016 6.447891 7.758608 5.820249 19.538910 3.088122 2.852455 2.191552 0.000000 

4.000000 4.184542 4.000000 4.000000 4.000000 4.000000 4.000000 4.000000 4.000000 4.000000 4.000000 4.000000 4.000000 4.000000 4.000000 4.000000 
4.000000 4.000000 5.360005 4.000000 4.000000 4.000000 4.000000 4.000000 4.000000 4.000000 4.000000 4.000000 4.000000 4.000000 4.000000 4.000000 
4.000000 4.000000 4.000000 10.192440 4.000000 4.000000 4.000000 4.000000 4.000000 4.000000 4.000000 4.000000 4.000000 4.000000 4.000000 4.000000 
4.020914 4.000000 4.000000 4.000000 5.656276 4.000000 4.000000 4.000000 4.000000 4.000000 4.000000 4.000000 4.000000 4.000000 4.000000 4.000000 
4.000000 4.000000 4.000000 4.000000 4.000000 4.620949 4.000000 4.000000 4.000000 4.000000 4.000000 4.000000 4.000000 4.000000 4.000000 4.000000 
4.028490 4.000000 4.000000 4.000000 4.000000 4.000000 5.817764 4.000000 4.000000 4.000000 4.000000 4.000000 4.000000 4.000000 4.000000 4.000000 
4.025324 4.000000 4.000000 4.000000 4.000000 4.000000 4.000000 10.352408 4.000000 4.000000 4.000000 4.000000 4.000000 4.000000 4.000000 4.000000 
4.024633 4.000000 4.000000 4.000000 4.000000 4.000000 4.000000 4.000000 5.083270 4.000000 4.000000 4.000000 4.000000 4.000000 4.000000 4.000000 
4.000000 4.000000 4.000000 4.000000 4.000000 4.000000 4.000000 4.000000 4.000000 4.670496 4.000000 4.000000 4.000000 4.000000 4.000000 4.000000 
4.000000 4.000000 4.000000 4.000000 4.000000 4.000000 4.000000 4.000000 4.000000 4.000000 6.025083 4.000000 4.000000 4.000000 4.000000 4.000000 
4.023154 4.000000 4.000000 4.000000 4.000000 4.000000 4.000000 4.000000 4.000000 4.000000 4.000000 4.422027 4.000000 4.000000 4.000000 4.000000 
4.000000 4.000000 4.000000 4.000000 4.000000 4.000000 4.000000 4.000000 4.000000 4.000000 4.000000 4.000000 4.390626 4.000000 4.000000 4.000000 
4.000000 4.000000 4.000000 4.000000 4.000000 4.000000 4.000000 4.000000 4.000000 4.000000 4.000000 4.000000 4.000000 24.601048 4.000000 4.000000 
4.048635 4.000000 4.000000 4.000000 4.000000 4.000000 4.000000 4.000000 4.000000 4.000000 4.000000 4.000000 4.000000 4.000000 16.033137 4.000000 
4.000000 4.000000 4.000000 4.000000 4.000000 4.000000 4.000000 4.000000 4.000000 4.000000 4.000000 4.000000 4.000000 4.000000 4.000000 7.650381 
4.026130 4.000000 4.000000 4.000000 4.000000 4.000000 4.000000 4.000000 4.000000 4.000000 4.000000 4.000000 4.000000 4.000000 4.000000 4.000000 
distance: 174.946465

16.000000 16.922709 16.000000 16.000000 16.000000 16.000000 16.000000 16.000000 16.000000 16.000000 16.000000 16.000000 16.000000 16.000000 16.000000 16.000000 
16.046135 16.000000 22.800027 16.000000 16.000000 16.000000 16.000000 16.000000 16.000000 16.000000 16.000000 16.000000 16.000000 16.000000 16.000000 16.000000 
16.000000 16.000000 16.000000 46.962201 16.000000 16.000000 16.000000 16.000000 16.000000 16.000000 16.000000 16.000000 16.000000 16.000000 16.000000 16.000000 
16.104571 16.000000 16.000000 16.000000 24.281378 16.000000 16.000000 16.000000 16.000000 16.000000 16.000000 16.000000 16.000000 16.000000 16.000000 16.000000 
16.000000 16.000000 16.000000 16.000000 16.000000 19.104744 16.000000 16.000000 16.000000 16.000000 16.000000 16.000000 16.000000 16.000000 16.000000 16.000000 
16.113960 16.000000 16.000000 16.000000 16.000000 16.000000 25.088820 16.000000 16.000000 16.000000 16.000000 16.000000 16.000000 16.000000 16.000000 16.000000 
16.101295 16.000000 16.000000 16.000000 16.000000 16.000000 16.000000 47.762041 16.000000 16.000000 16.000000 16.000000 16.000000 16.000000 16.000000 16.000000 
16.098534 16.000000 16.000000 16.000000 16.000000 16.000000 16.000000 16.000000 21.416351 16.000000 16.000000 16.000000 16.000000 16.000000 16.000000 16.000000 
16.023405 16.000000 16.000000 16.000000 16.000000 16.000000 16.000000 16.000000 16.000000 19.352482 16.000000 16.000000 16.000000 16.000000 16.000000 16.000000 
16.023684 16.000000 16.000000 16.000000 16.000000 16.000000 16.000000 16.000000 16.000000 16.000000 26.125414 16.000000 16.000000 16.000000 16.000000 16.000000 
16.115771 16.000000 16.000000 16.000000 16.000000 16.000000 16.000000 16.000000 16.000000 16.000000 16.000000 18.110133 16.000000 16.000000 16.000000 16.000000 
16.027432 16.000000 16.000000 16.000000 16.000000 16.000000 16.000000 16.000000 16.000000 16.000000 16.000000 16.000000 17.953131 16.000000 16.000000 16.000000 
16.024191 16.000000 16.000000 16.000000 16.000000 16.000000 16.000000 16.000000 16.000000 16.000000 16.000000 16.000000 16.000000 119.005241 16.000000 16.000000 
16.194542 16.000000 16.000000 16.000000 16.000000 16.000000 16.000000 16.000000 16.000000 16.000000 16.000000 16.000000 16.000000 16.000000 76.165684 16.000000 
16.000000 16.000000 16.000000 16.000000 16.000000 16.000000 16.000000 16.000000 16.000000 16.000000 16.000000 16.000000 16.000000 16.000000 16.000000 34.251906 
16.104520 16.000000 16.000000 16.000000 16.000000 16.000000 16.000000 16.000000 16.000000 16.000000 16.000000 16.000000 16.000000 16.000000 16.000000 16.000000 
distance: 174.946465

64.000000 67.875379 64.021084 64.000000 64.000000 64.000000 64.000000 64.000000 64.000000 64.000000 64.000000 64.000000 64.000000 64.000000 64.000000 64.000000 
64.230677 64.000000 92.390113 64.000000 64.000000 64.000000 64.000000 64.000000 64.000000 64.000000 64.000000 64.000000 64.000000 64.000000 64.000000 64.000000 
64.021084 64.000000 64.000000 194.041243 64.000000 64.000000 64.000000 64.000000 64.000000 64.000000 64.000000 64.000000 64.000000 64.000000 64.000000 64.000000 
64.439198 64.000000 64.000000 64.000000 98.781789 64.000000 64.000000 64.000000 64.000000 64.000000 64.000000 64.000000 64.000000 64.000000 64.000000 64.000000 
64.000000 64.000000 64.000000 64.000000 64.000000 77.039926 64.000000 64.000000 64.000000 64.000000 64.000000 64.000000 64.000000 64.000000 64.000000 64.000000 
64.455842 64.000000 64.000000 64.000000 64.000000 64.000000 102.173045 64.000000 64.000000 64.000000 64.000000 64.000000 64.000000 64.000000 64.000000 64.000000 
64.430504 64.000000 64.000000 64.000000 64.000000 64.000000 64.000000 197.400572 64.000000 64.000000 64.000000 64.000000 64.000000 64.000000 64.000000 64.000000 
64.394135 64.000000 64.000000 64.000000 64.000000 64.000000 64.000000 64.000000 86.748674 64.000000 64.000000 64.000000 64.000000 64.000000 64.000000 64.000000 
64.093619 64.000000 64.000000 64.000000 64.000000 64.000000 64.000000 64.000000 64.000000 78.080425 64.000000 64.000000 64.000000 64.000000 64.000000 64.000000 
64.118421 64.000000 64.000000 64.000000 64.000000 64.000000 64.000000 64.000000 64.000000 64.000000 106.526740 64.000000 64.000000 64.000000 64.000000 64.000000 
64.486237 64.000000 64.000000 64.000000 64.000000 64.000000 64.000000 64.000000 64.000000 64.000000 64.000000 72.862558 64.000000 64.000000 64.000000 64.000000 
64.137158 64.000000 64.000000 64.000000 64.000000 64.000000 64.000000 64.000000 64.000000 64.000000 64.000000 64.000000 72.203151 64.000000 64.000000 64.000000 
64.096762 64.000000 64.000000 64.000000 64.000000 64.000000 64.000000 64.000000 64.000000 64.000000 64.000000 64.000000 64.000000 496.622010 64.000000 64.000000 
64.778166 64.000000 64.000000 64.000000 64.000000 64.000000 64.000000 64.000000 64.000000 64.000000 64.000000 64.000000 64.000000 64.000000 316.695872 64.000000 
64.000000 64.000000 64.000000 64.000000 64.000000 64.000000 64.000000 64.000000 64.000000 64.000000 64.000000 64.000000 64.000000 64.000000 64.000000 140.658004 
64.418081 64.000000 64.000000 64.000000 64.000000 64.000000 64.000000 64.000000 64.000000 64.000000 64.000000 64.000000 64.000000 64.000000 64.000000 64.000000 
distance: 174.946465

256.000000 271.686060 256.126502 256.000000 256.000000 256.000000 256.000000 256.000000 256.000000 256.000000 256.000000 256.000000 256.000000 256.000000 256.000000 256.000000 
256.968845 256.000000 370.580457 256.000000 256.000000 256.000000 256.000000 256.000000 256.000000 256.000000 256.000000 256.000000 256.000000 256.000000 256.000000 256.000000 
256.084335 256.000000 256.000000 782.357414 256.000000 256.000000 256.000000 256.000000 256.000000 256.000000 256.000000 256.000000 256.000000 256.000000 256.000000 256.000000 
257.756793 256.000000 256.000000 256.000000 396.783430 256.000000 256.000000 256.000000 256.000000 256.000000 256.000000 256.000000 256.000000 256.000000 256.000000 256.000000 
256.023254 256.000000 256.000000 256.000000 256.000000 308.780652 256.000000 256.000000 256.000000 256.000000 256.000000 256.000000 256.000000 256.000000 256.000000 256.000000 
257.823368 256.000000 256.000000 256.000000 256.000000 256.000000 410.509944 256.000000 256.000000 256.000000 256.000000 256.000000 256.000000 256.000000 256.000000 256.000000 
257.722016 256.000000 256.000000 256.000000 256.000000 256.000000 256.000000 795.954694 256.000000 256.000000 256.000000 256.000000 256.000000 256.000000 256.000000 256.000000 
257.601175 256.000000 256.000000 256.000000 256.000000 256.000000 256.000000 256.000000 348.077968 256.000000 256.000000 256.000000 256.000000 256.000000 256.000000 256.000000 
256.421285 256.000000 256.000000 256.000000 256.000000 256.000000 256.000000 256.000000 256.000000 312.992195 256.000000 256.000000 256.000000 256.000000 256.000000 256.000000 
256.473683 256.000000 256.000000 256.000000 256.000000 256.000000 256.000000 256.000000 256.000000 256.000000 428.132042 256.000000 256.000000 256.000000 256.000000 256.000000 
257.944949 256.000000 256.000000 256.000000 256.000000 256.000000 256.000000 256.000000 256.000000 256.000000 256.000000 291.872259 256.000000 256.000000 256.000000 256.000000 
256.548633 256.000000 256.000000 256.000000 256.000000 256.000000 256.000000 256.000000 256.000000 256.000000 256.000000 256.000000 289.203232 256.000000 256.000000 256.000000 
256.387050 256.000000 256.000000 256.000000 256.000000 256.000000 256.000000 256.000000 256.000000 256.000000 256.000000 256.000000 256.000000 2007.089089 256.000000 256.000000 
259.161300 256.000000 256.000000 256.000000 256.000000 256.000000 256.000000 256.000000 256.000000 256.000000 256.000000 256.000000 256.000000 256.000000 1278.816624 256.000000 
256.000000 256.000000 256.000000 256.000000 256.000000 256.000000 256.000000 256.000000 256.000000 256.000000 256.000000 256.000000 256.000000 256.000000 256.000000 566.282399 
257.672323 256.000000 256.000000 256.000000 256.000000 256.000000 256.000000 256.000000 256.000000 256.000000 256.000000 256.000000 256.000000 256.000000 256.000000 256.000000 
distance: 174.946465

1024.000000 1086.928780 1024.506009 1024.000000 1024.000000 1024.000000 1024.000000 1024.000000 1024.000000 1024.000000 1024.000000 1024.000000 1024.000000 1024.000000 1024.000000 1024.000000 
1027.875379 1024.000000 1483.681834 1024.000000 1024.000000 1024.000000 1024.000000 1024.000000 1024.000000 1024.000000 1024.000000 1024.000000 1024.000000 1024.000000 1024.000000 1024.000000 
1024.337339 1024.000000 1024.000000 3135.622095 1024.000000 1024.000000 1024.000000 1024.000000 1024.000000 1024.000000 1024.000000 1024.000000 1024.000000 1024.000000 1024.000000 1024.000000 
1031.069001 1024.000000 1024.000000 1024.000000 1588.789997 1024.000000 1024.000000 1024.000000 1024.000000 1024.000000 1024.000000 1024.000000 1024.000000 1024.000000 1024.000000 1024.000000 
1024.093015 1024.000000 1024.000000 1024.000000 1024.000000 1235.743558 1024.000000 1024.000000 1024.000000 1024.000000 1024.000000 1024.000000 1024.000000 1024.000000 1024.000000 1024.000000 
1031.293471 1024.000000 1024.000000 1024.000000 1024.000000 1024.000000 1643.857539 1024.000000 1024.000000 1024.000000 1024.000000 1024.000000 1024.000000 1024.000000 1024.000000 1024.000000 
1030.888064 1024.000000 1024.000000 1024.000000 1024.000000 1024.000000 1024.000000 3190.171185 1024.000000 1024.000000 1024.000000 1024.000000 1024.000000 1024.000000 1024.000000 1024.000000 
1030.404702 1024.000000 1024.000000 1024.000000 1024.000000 1024.000000 1024.000000 1024.000000 1393.395141 1024.000000 1024.000000 1024.000000 1024.000000 1024.000000 1024.000000 1024.000000 
1025.685141 1024.000000 1024.000000 1024.000000 1024.000000 1024.000000 1024.000000 1024.000000 1024.000000 1252.639275 1024.000000 1024.000000 1024.000000 1024.000000 1024.000000 1024.000000 
1025.894733 1024.000000 1024.000000 1024.000000 1024.000000 1024.000000 1024.000000 1024.000000 1024.000000 1024.000000 1714.553250 1024.000000 1024.000000 1024.000000 1024.000000 1024.000000 
1031.802951 1024.000000 1024.000000 1024.000000 1024.000000 1024.000000 1024.000000 1024.000000 1024.000000 1024.000000 1024.000000 1167.911064 1024.000000 1024.000000 1024.000000 1024.000000 
1026.194533 1024.000000 1024.000000 1024.000000 1024.000000 1024.000000 1024.000000 1024.000000 1024.000000 1024.000000 1024.000000 1024.000000 1157.203554 1024.000000 1024.000000 1024.000000 
1025.548200 1024.000000 1024.000000 1024.000000 1024.000000 1024.000000 1024.000000 1024.000000 1024.000000 1024.000000 1024.000000 1024.000000 1024.000000 8048.957404 1024.000000 1024.000000 
1036.669519 1024.000000 1024.000000 1024.000000 1024.000000 1024.000000 1024.000000 1024.000000 1024.000000 1024.000000 1024.000000 1024.000000 1024.000000 1024.000000 5127.299632 1024.000000 
1024.000000 1024.000000 1024.000000 1024.000000 1024.000000 1024.000000 1024.000000 1024.000000 1024.000000 1024.000000 1024.000000 1024.000000 1024.000000 1024.000000 1024.000000 2268.779977 
1030.793811 1024.000000 1024.000000 1024.000000 1024.000000 1024.000000 1024.000000 1024.000000 1024.000000 1024.000000 1024.000000 1024.000000 1024.000000 1024.000000 1024.000000 1024.000000 
distance: 174.946465

4096.000000 4347.899663 4098.024034 4096.000000 4096.000000 4096.000000 4096.000000 4096.000000 4096.000000 4096.000000 4096.000000 4096.000000 4096.000000 4096.000000 4096.000000 4096.000000 
4111.501518 4096.000000 5936.087342 4096.000000 4096.000000 4096.000000 4096.000000 4096.000000 4096.000000 4096.000000 4096.000000 4096.000000 4096.000000 4096.000000 4096.000000 4096.000000 
4097.349356 4096.000000 4096.000000 12548.680821 4096.000000 4096.000000 4096.000000 4096.000000 4096.000000 4096.000000 4096.000000 4096.000000 4096.000000 4096.000000 4096.000000 4096.000000 
4124.296920 4096.000000 4096.000000 4096.000000 6356.816265 4096.000000 4096.000000 4096.000000 4096.000000 4096.000000 4096.000000 4096.000000 4096.000000 4096.000000 4096.000000 4096.000000 
4096.372061 4096.000000 4096.000000 4096.000000 4096.000000 4943.595181 4096.000000 4096.000000 4096.000000 4096.000000 4096.000000 4096.000000 4096.000000 4096.000000 4096.000000 4096.000000 
4125.173884 4096.000000 4096.000000 4096.000000 4096.000000 4096.000000 6577.247919 4096.000000 4096.000000 4096.000000 4096.000000 4096.000000 4096.000000 4096.000000 4096.000000 4096.000000 
4123.653549 4096.000000 4096.000000 4096.000000 4096.000000 4096.000000 4096.000000 12767.037149 4096.000000 4096.000000 4096.000000 4096.000000 4096.000000 4096.000000 4096.000000 4096.000000 
4121.643440 4096.000000 4096.000000 4096.000000 4096.000000 4096.000000 4096.000000 4096.000000 5574.663835 4096.000000 4096.000000 4096.000000 4096.000000 4096.000000 4096.000000 4096.000000 
4102.740566 4096.000000 4096.000000 4096.000000 4096.000000 4096.000000 4096.000000 4096.000000 4096.000000 5011.227596 4096.000000 4096.000000 4096.000000 4096.000000 4096.000000 4096.000000 
4103.578933 4096.000000 4096.000000 4096.000000 4096.000000 4096.000000 4096.000000 4096.000000 4096.000000 4096.000000 6860.238081 4096.000000 4096.000000 4096.000000 4096.000000 4096.000000 
4127.211804 4096.000000 4096.000000 4096.000000 4096.000000 4096.000000 4096.000000 4096.000000 4096.000000 4096.000000 4096.000000 4672.066281 4096.000000 4096.000000 4096.000000 4096.000000 
4104.805564 4096.000000 4096.000000 4096.000000 4096.000000 4096.000000 4096.000000 4096.000000 4096.000000 4096.000000 4096.000000 4096.000000 4629.204841 4096.000000 4096.000000 4096.000000 
4102.216990 4096.000000 4096.000000 4096.000000 4096.000000 4096.000000 4096.000000 4096.000000 4096.000000 4096.000000 4096.000000 4096.000000 4096.000000 32216.430663 4096.000000 4096.000000 
4146.678078 4096.000000 4096.000000 4096.000000 4096.000000 4096.000000 4096.000000 4096.000000 4096.000000 4096.000000 4096.000000 4096.000000 4096.000000 4096.000000 20521.231666 4096.000000 
4096.000000 4096.000000 4096.000000 4096.000000 4096.000000 4096.000000 4096.000000 4096.000000 4096.000000 4096.000000 4096.000000 4096.000000 4096.000000 4096.000000 4096.000000 9078.770289 
4123.175244 4096.000000 4096.000000 4096.000000 4096.000000 4096.000000 4096.000000 4096.000000 4096.000000 4096.000000 4096.000000 4096.000000 4096.000000 4096.000000 4096.000000 4096.000000 
distance: 174.946465

16384.000000 17391.783192 16392.096137 16384.000000 16384.000000 16384.000000 16384.000000 16384.000000 16384.000000 16384.000000 16384.000000 16384.000000 16384.000000 16384.000000 16384.000000 16384.000000 
16446.029139 16384.000000 23745.709373 16384.000000 16384.000000 16384.000000 16384.000000 16384.000000 16384.000000 16384.000000 16384.000000 16384.000000 16384.000000 16384.000000 16384.000000 16384.000000 
16389.397425 16384.000000 16384.000000 50200.915724 16384.000000 16384.000000 16384.000000 16384.000000 16384.000000 16384.000000 16384.000000 16384.000000 16384.000000 16384.000000 16384.000000 16384.000000 
16497.208594 16384.000000 16384.000000 16384.000000 25428.921336 16384.000000 16384.000000 16384.000000 16384.000000 16384.000000 16384.000000 16384.000000 16384.000000 16384.000000 16384.000000 16384.000000 
16385.488243 16384.000000 16384.000000 16384.000000 16384.000000 19775.001671 16384.000000 16384.000000 16384.000000 16384.000000 16384.000000 16384.000000 16384.000000 16384.000000 16384.000000 16384.000000 
16500.695536 16384.000000 16384.000000 16384.000000 16384.000000 16384.000000 26310.809441 16384.000000 16384.000000 16384.000000 16384.000000 16384.000000 16384.000000 16384.000000 16384.000000 16384.000000 
16494.639520 16384.000000 16384.000000 16384.000000 16384.000000 16384.000000 16384.000000 51074.501006 16384.000000 16384.000000 16384.000000 16384.000000 16384.000000 16384.000000 16384.000000 16384.000000 
16486.598392 16384.000000 16384.000000 16384.000000 16384.000000 16384.000000 16384.000000 16384.000000 22299.738612 16384.000000 16384.000000 16384.000000 16384.000000 16384.000000 16384.000000 16384.000000 
16410.962262 16384.000000 16384.000000 16384.000000 16384.000000 16384.000000 16384.000000 16384.000000 16384.000000 20045.580879 16384.000000 16384.000000 16384.000000 16384.000000 16384.000000 16384.000000 
16414.363100 16384.000000 16384.000000 16384.000000 16384.000000 16384.000000 16384.000000 16384.000000 16384.000000 16384.000000 27442.977407 16384.000000 16384.000000 16384.000000 16384.000000 16384.000000 
16508.847218 16384.000000 16384.000000 16384.000000 16384.000000 16384.000000 16384.000000 16384.000000 16384.000000 16384.000000 16384.000000 18688.687149 16384.000000 16384.000000 16384.000000 16384.000000 
16419.222255 16384.000000 16384.000000 16384.000000 16384.000000 16384.000000 16384.000000 16384.000000 16384.000000 16384.000000 16384.000000 16384.000000 18517.209991 16384.000000 16384.000000 16384.000000 
16408.892150 16384.000000 16384.000000 16384.000000 16384.000000 16384.000000 16384.000000 16384.000000 16384.000000 16384.000000 16384.000000 16384.000000 16384.000000 128886.323701 16384.000000 16384.000000 
16586.712310 16384.000000 16384.000000 16384.000000 16384.000000 16384.000000 16384.000000 16384.000000 16384.000000 16384.000000 16384.000000 16384.000000 16384.000000 16384.000000 82096.959802 16384.000000 
16384.000000 16384.000000 16384.000000 16384.000000 16384.000000 16384.000000 16384.000000 16384.000000 16384.000000 16384.000000 16384.000000 16384.000000 16384.000000 16384.000000 16384.000000 36318.731536 
16492.727106 16384.000000 16384.000000 16384.000000 16384.000000 16384.000000 16384.000000 16384.000000 16384.000000 16384.000000 16384.000000 16384.000000 16384.000000 16384.000000 16384.000000 16384.000000 
distance: 174.946465

65536.000000 69567.317310 65568.405632 65536.000000 65536.000000 65536.000000 65536.000000 65536.000000 65536.000000 65536.000000 65536.000000 65536.000000 65536.000000 65536.000000 65536.000000 65536.000000 
65784.139622 65536.000000 94984.027498 65536.000000 65536.000000 65536.000000 65536.000000 65536.000000 65536.000000 65536.000000 65536.000000 65536.000000 65536.000000 65536.000000 65536.000000 65536.000000 
65557.589699 65536.000000 65536.000000 200809.855337 65536.000000 65536.000000 65536.000000 65536.000000 65536.000000 65536.000000 65536.000000 65536.000000 65536.000000 65536.000000 65536.000000 65536.000000 
65988.855291 65536.000000 65536.000000 65536.000000 101717.341619 65536.000000 65536.000000 65536.000000 65536.000000 65536.000000 65536.000000 65536.000000 65536.000000 65536.000000 65536.000000 65536.000000 
65541.952970 65536.000000 65536.000000 65536.000000 65536.000000 79100.627633 65536.000000 65536.000000 65536.000000 65536.000000 65536.000000 65536.000000 65536.000000 65536.000000 65536.000000 65536.000000 
66002.782142 65536.000000 65536.000000 65536.000000 65536.000000 65536.000000 105245.055527 65536.000000 65536.000000 65536.000000 65536.000000 65536.000000 65536.000000 65536.000000 65536.000000 65536.000000 
65978.583405 65536.000000 65536.000000 65536.000000 65536.000000 65536.000000 65536.000000 204304.356431 65536.000000 65536.000000 65536.000000 65536.000000 65536.000000 65536.000000 65536.000000 65536.000000 
65946.442833 65536.000000 65536.000000 65536.000000 65536.000000 65536.000000 65536.000000 65536.000000 89200.037717 65536.000000 65536.000000 65536.000000 65536.000000 65536.000000 65536.000000 65536.000000 
65643.849049 65536.000000 65536.000000 65536.000000 65536.000000 65536.000000 65536.000000 65536.000000 65536.000000 80182.994011 65536.000000 65536.000000 65536.000000 65536.000000 65536.000000 65536.000000 
65657.476082 65536.000000 65536.000000 65536.000000 65536.000000 65536.000000 65536.000000 65536.000000 65536.000000 65536.000000 109773.934710 65536.000000 65536.000000 65536.000000 65536.000000 65536.000000 
66035.388870 65536.000000 65536.000000 65536.000000 65536.000000 65536.000000 65536.000000 65536.000000 65536.000000 65536.000000 65536.000000 74755.170624 65536.000000 65536.000000 65536.000000 65536.000000 
65676.889020 65536.000000 65536.000000 65536.000000 65536.000000 65536.000000 65536.000000 65536.000000 65536.000000 65536.000000 65536.000000 65536.000000 74069.230591 65536.000000 65536.000000 65536.000000 
65635.616982 65536.000000 65536.000000 65536.000000 65536.000000 65536.000000 65536.000000 65536.000000 65536.000000 65536.000000 65536.000000 65536.000000 65536.000000 515565.895853 65536.000000 65536.000000 
66346.849242 65536.000000 65536.000000 65536.000000 65536.000000 65536.000000 65536.000000 65536.000000 65536.000000 65536.000000 65536.000000 65536.000000 65536.000000 65536.000000 328399.872346 65536.000000 
65536.000000 65536.000000 65536.000000 65536.000000 65536.000000 65536.000000 65536.000000 65536.000000 65536.000000 65536.000000 65536.000000 65536.000000 65536.000000 65536.000000 65536.000000 145278.576525 
65970.908426 65536.000000 65536.000000 65536.000000 65536.000000 65536.000000 65536.000000 65536.000000 65536.000000 65536.000000 65536.000000 65536.000000 65536.000000 65536.000000 65536.000000 65536.000000 
distance: 174.946465

262144.000000 278269.453783 262273.643613 262144.000000 262144.000000 262144.000000 262144.000000 262144.000000 262144.000000 262144.000000 262144.000000 262144.000000 262144.000000 262144.000000 262144.000000 262144.000000 
263136.604623 262144.000000 379937.299996 262144.000000 262144.000000 262144.000000 262144.000000 262144.000000 262144.000000 262144.000000 262144.000000 262144.000000 262144.000000 262144.000000 262144.000000 262144.000000 
262230.379880 262144.000000 262144.000000 803245.613787 262144.000000 262144.000000 262144.000000 262144.000000 262144.000000 262144.000000 262144.000000 262144.000000 262144.000000 262144.000000 262144.000000 262144.000000 
263955.421163 262144.000000 262144.000000 262144.000000 406871.022752 262144.000000 262144.000000 262144.000000 262144.000000 262144.000000 262144.000000 262144.000000 262144.000000 262144.000000 262144.000000 262144.000000 
262167.811880 262144.000000 262144.000000 262144.000000 262144.000000 316403.131479 262144.000000 262144.000000 262144.000000 262144.000000 262144.000000 262144.000000 262144.000000 262144.000000 262144.000000 262144.000000 
264011.128569 262144.000000 262144.000000 262144.000000 262144.000000 262144.000000 420982.039873 262144.000000 262144.000000 262144.000000 262144.000000 262144.000000 262144.000000 262144.000000 262144.000000 262144.000000 
263914.333620 262144.000000 262144.000000 262144.000000 262144.000000 262144.000000 262144.000000 817223.778132 262144.000000 262144.000000 262144.000000 262144.000000 262144.000000 262144.000000 262144.000000 262144.000000 
263785.795967 262144.000000 262144.000000 262144.000000 262144.000000 262144.000000 262144.000000 262144.000000 356801.234138 262144.000000 262144.000000 262144.000000 262144.000000 262144.000000 262144.000000 262144.000000 
262575.396194 262144.000000 262144.000000 262144.000000 262144.000000 262144.000000 262144.000000 262144.000000 262144.000000 320732.646539 262144.000000 262144.000000 262144.000000 262144.000000 262144.000000 262144.000000 
262629.951698 262144.000000 262144.000000 262144.000000 262144.000000 262144.000000 262144.000000 262144.000000 262144.000000 262144.000000 439097.763922 262144.000000 262144.000000 262144.000000 262144.000000 262144.000000 
264141.555481 262144.000000 262144.000000 262144.000000 262144.000000 262144.000000 262144.000000 262144.000000 262144.000000 262144.000000 262144.000000 299021.104524 262144.000000 262144.000000 262144.000000 262144.000000 
262707.556080 262144.000000 262144.000000 262144.000000 262144.000000 262144.000000 262144.000000 262144.000000 262144.000000 262144.000000 262144.000000 262144.000000 296277.312988 262144.000000 262144.000000 262144.000000 
262542.492118 262144.000000 262144.000000 262144.000000 262144.000000 262144.000000 262144.000000 262144.000000 262144.000000 262144.000000 262144.000000 262144.000000 262144.000000 2062284.184462 262144.000000 262144.000000 
265387.421285 262144.000000 262144.000000 262144.000000 262144.000000 262144.000000 262144.000000 262144.000000 262144.000000 262144.000000 262144.000000 262144.000000 262144.000000 262144.000000 1313611.522520 262144.000000 
262144.000000 262144.000000 262144.000000 262144.000000 262144.000000 262144.000000 262144.000000 262144.000000 262144.000000 262144.000000 262144.000000 262144.000000 262144.000000 262144.000000 262144.000000 581117.956483 
263883.633703 262144.000000 262144.000000 262144.000000 262144.000000 262144.000000 262144.000000 262144.000000 262144.000000 262144.000000 262144.000000 262144.000000 262144.000000 262144.000000 262144.000000 262144.000000 
distance: 174.946465

1048576.000000 1113077.999675 1049094.574454 1048576.000000 1048576.000000 1048576.000000 1048576.000000 1048576.000000 1048576.000000 1048576.000000 1048576.000000 1048576.000000 1048576.000000 1048576.000000 1048576.000000 1048576.000000 
1052546.418491 1048576.000000 1519750.559990 1048576.000000 1048576.000000 1048576.000000 1048576.000000 1048576.000000 1048576.000000 1048576.000000 1048576.000000 1048576.000000 1048576.000000 1048576.000000 1048576.000000 1048576.000000 
1048921.519521 1048576.000000 1048576.000000 3212988.647590 1048576.000000 1048576.000000 1048576.000000 1048576.000000 1048576.000000 1048576.000000 1048576.000000 1048576.000000 1048576.000000 1048576.000000 1048576.000000 1048576.000000 
1055821.726480 1048576.000000 1048576.000000 1048576.000000 1627485.747283 1048576.000000 1048576.000000 1048576.000000 1048576.000000 1048576.000000 1048576.000000 1048576.000000 1048576.000000 1048576.000000 1048576.000000 1048576.000000 
1048671.247521 1048576.000000 1048576.000000 1048576.000000 1048576.000000 1265613.146866 1048576.000000 1048576.000000 1048576.000000 1048576.000000 1048576.000000 1048576.000000 1048576.000000 1048576.000000 1048576.000000 1048576.000000 
1056044.514277 1048576.000000 1048576.000000 1048576.000000 1048576.000000 1048576.000000 1683929.977255 1048576.000000 1048576.000000 1048576.000000 1048576.000000 1048576.000000 1048576.000000 1048576.000000 1048576.000000 1048576.000000 
1055657.334480 1048576.000000 1048576.000000 1048576.000000 1048576.000000 1048576.000000 1048576.000000 3268901.464935 1048576.000000 1048576.000000 1048576.000000 1048576.000000 1048576.000000 1048576.000000 1048576.000000 1048576.000000 
1055143.208503 1048576.000000 1048576.000000 1048576.000000 1048576.000000 1048576.000000 1048576.000000 1048576.000000 1427206.019821 1048576.000000 1048576.000000 1048576.000000 1048576.000000 1048576.000000 1048576.000000 1048576.000000 
1050301.584776 1048576.000000 1048576.000000 1048576.000000 1048576.000000 1048576.000000 1048576.000000 1048576.000000 1048576.000000 1282931.256654 1048576.000000 1048576.000000 1048576.000000 1048576.000000 1048576.000000 1048576.000000 
1050519.806791 1048576.000000 1048576.000000 1048576.000000 1048576.000000 1048576.000000 1048576.000000 1048576.000000 1048576.000000 1048576.000000 1756393.080772 1048576.000000 1048576.000000 1048576.000000 1048576.000000 1048576.000000 
1056566.221926 1048576.000000 1048576.000000 1048576.000000 1048576.000000 1048576.000000 1048576.000000 1048576.000000 1048576.000000 1048576.000000 1048576.000000 1196084.840124 1048576.000000 1048576.000000 1048576.000000 1048576.000000 
1050830.251754 1048576.000000 1048576.000000 1048576.000000 1048576.000000 1048576.000000 1048576.000000 1048576.000000 1048576.000000 1048576.000000 1048576.000000 1048576.000000 1185109.642580 1048576.000000 1048576.000000 1048576.000000 
1050170.016854 1048576.000000 1048576.000000 1048576.000000 1048576.000000 1048576.000000 1048576.000000 1048576.000000 1048576.000000 1048576.000000 1048576.000000 1048576.000000 1048576.000000 8249157.338895 1048576.000000 1048576.000000 
1061549.685140 1048576.000000 1048576.000000 1048576.000000 1048576.000000 1048576.000000 1048576.000000 1048576.000000 1048576.000000 1048576.000000 1048576.000000 1048576.000000 1048576.000000 1048576.000000 5254458.123216 1048576.000000 
1048576.049430 1048576.000000 1048576.000000 1048576.000000 1048576.000000 1048576.000000 1048576.000000 1048576.000000 1048576.000000 1048576.000000 1048576.000000 1048576.000000 1048576.000000 1048576.000000 1048576.000000 2324475.476311 
1055534.534811 1048576.000000 1048576.000000 1048576.000000 1048576.000000 1048576.000000 1048576.000000 1048576.000000 1048576.000000 1048576.000000 1048576.000000 1048576.000000 1048576.000000 1048576.000000 1048576.000000 1048576.000000 
distance: 174.946465

Finished, program took 0.044909 seconds.
